,salary,age,education,experience,born_state,work_state,co_workers_scaled,hourly_paid,presence_at_work,primary_job,satisfaction,project_language_yes,project_language_web,project_language_smart_phones,project_language_android_phones,project_language_scripting,project_language_system,project_language_science,project_language_c_cpp_asmb,project_language_swift_obj_c,project_language_bash,project_language_java,project_language_c_sharp,project_language_kotlin,project_language_js,project_language_matlab,project_language_php,project_language_python,project_language_sql,project_language_vb,database_db_relational,database_db_sqlite,database_db_other,os_windows,os_linux_bsd,os_os_x,server_windows_server,server_linux_bsd_server,source_control_yes,source_control_git,source_control_tfs,source_control_svn,source_control_mer,source_control_cvs,source_control_fos,source_control_d_u,technologies_source,technologies_contain,technologies_build,technologies_test,technologies_wiki,technologies_b_data,technologies_cloud,technologies_ai,work_field_analyzer,work_field_backend,work_field_data_science,work_field_db_admin,work_field_designer,work_field_desktop,work_field_document_test,work_field_embedded,work_field_frontend,work_field_fullstack,work_field_game,work_field_management,work_field_network,work_field_phone,work_field_security,work_field_sysadmin,workplace_type_government,workplace_type_non_soft,workplace_type_software,workplace_type_support,workplace_type_service,workplace_type_startup,workplace_type_foreign,workplace_type_independent,services_stack,services_trell,services_redmi,services_i_frm,services_to_do,services_tasku,services_teleg,services_slack,services_atlas,services_micro,workplace_benefits_i_health,workplace_benefits_o_health,workplace_benefits_lunch,workplace_benefits_coffee,workplace_benefits_snacks,workplace_benefits_cards,workplace_benefits_reward,workplace_benefits_training,workplace_benefits_fun_plan,workplace_benefits_party,workplace_benefits_laptop,workplace_benefits_phone,workplace_benefits_charges,workplace_benefits_insur,workplace_benefits_s_insur
salary,1.0,0.42834887540556965,-0.12075418091595128,0.45501104511968893,0.12885893236276053,0.26060427400036534,0.11255255060360418,0.05970058728075477,0.23292143486033212,0.09688813649305358,0.0759032592215238,-0.015913164304768246,-0.00013893394394749625,-0.03352143151352093,-0.03711601025734086,-0.044782946848674725,-0.026614952969415396,-0.05840084298448234,-0.10510518315405057,0.05112522032469688,0.07042841994006431,-0.03795975027799108,0.05898327777367137,0.0466914437204099,0.0781003379895064,-0.018124397940742082,-0.03451747244879579,-0.06548603370310015,0.09452031918971093,0.008404941635015765,0.1201431772624618,-0.003207512176240994,0.14411403115416893,-0.0936857345579985,0.017234621395369305,0.13033410880878604,0.047004690598102875,0.02848353945640685,0.17387067556418923,0.10124336227144609,0.14076625405393414,0.12680151877307813,0.013147337672871663,-0.006521957373241724,0.013293667657996559,-0.1546043443804422,0.22609511221764714,0.1732633898969687,0.15017721226421582,0.13694992178972287,0.019545277950681995,0.055078548406782134,0.0883420411228909,0.006236026130848865,0.10288952514880718,0.019999439559483776,0.004012993747457495,0.045935881331939404,-0.011775064404421371,-0.042736307049738166,-0.008104864644238912,0.03859554253908902,-0.030526932424108418,0.09500869873734791,-0.05736775735769961,0.12146701022162158,-0.028201651152190338,-0.03746531204749053,-0.021159489758953313,0.0998579970606605,0.12050152327510746,0.13063442085955282,0.19514475988599844,0.01600634998323666,0.090223935881251,-0.022612553389516402,0.07721895426998711,-0.14754115899074563,0.0903811389466809,0.1539302159883302,0.06521192586443039,-0.09204409629000829,0.03527354812843272,0.03601101888243145,-0.06054570133429397,0.13106204762524207,0.1258536002293666,0.05784606743937677,0.10674526589654483,0.14660726844486188,0.17612085819983042,0.3044279832846644,0.10517917800754603,0.18908132531903374,0.17413033432906494,0.09845013792880612,0.10749332931499263,0.18787754874733859,0.1419242356946698,0.0765390345410376,0.04441351232034215,0.42616907254521114,0.3397126869539048
age,0.42834887540556965,1.0,-0.156955641810608,0.6234408701756643,0.06572847247438035,0.12597383775518453,0.1314518974453511,0.07340541489677313,0.19547089938279513,-0.01196109157568531,-0.0476613341244469,-0.0638846253234961,-0.031025677893353625,-0.05860700131667596,-0.05928954168997911,-0.1411199180948826,-0.05918152558884016,-0.15634938814006658,-0.12155712561248402,0.007288943651158821,0.03654616949608604,-0.062107248488308495,0.13510086563172008,-0.0264022749313807,0.05828057407558482,0.02775317589726314,-0.04052527945964965,-0.17197481762343653,0.13579423694398798,0.07637924451307926,0.16431518323856,-0.04857603172819508,0.04682596963212731,0.05049053206412113,-0.08421511703155274,0.03250772424717229,0.14495860687787934,-0.061713060933379846,0.06075544328150173,-0.0238082148398416,0.17431841833156206,0.14706328945343738,0.0275391397993156,-0.0003695432984376109,0.030217759402499142,-0.0445135085843537,0.137889082307391,0.0784648323027224,0.050090495022573955,0.036565342625165496,-0.011885479916456446,0.046155316089657616,0.013837983695494337,-0.02857754779884206,0.16710604763089668,0.012829726144228922,0.005730252407455318,0.08681940808475604,0.023903796781908935,-0.026768725581691,-0.003296551279280097,0.03452007598776893,-0.027925587619596178,0.09729132735738386,-0.0614115025771709,0.1683349845752936,0.023284847887628992,-0.09421293120048489,-0.021149550644290232,0.1278647622289382,0.13897607154588248,0.16429882711350655,0.1455174051007628,0.028876492359582936,0.053161415425451684,-0.1078327331133737,0.0800091228443452,-0.11927529310675095,0.019797329149858534,0.04863651326347006,0.05790480283162844,-0.06506460519858993,-0.0141208270030356,0.026110482824786823,-0.11485228504848254,0.05968896320003447,0.060190854416709766,0.08355541795742373,0.11056272184645423,0.13471365095314217,0.12825881164281477,0.20959217867565036,0.03348713740175237,0.1502999690876342,0.10955102744568317,0.09770654110765653,0.05682695486932125,0.09109438124019445,0.07867638513640489,0.017851801945325093,0.0416654307203696,0.31905359533139904,0.29773923287542536
education,-0.12075418091595128,-0.156955641810608,1.0,-0.1314235084370974,-0.03562698700201479,-0.06856482712750786,-0.05533132864557069,-0.0033675148666332173,-0.04523364252061969,0.01930813670196877,0.013625397202759388,-0.002251315978605935,-0.0145183458244335,9.855097528163737e-05,0.0026843769893658232,-0.0717520668389949,-0.047960273308065994,-0.0993290260522994,-0.008453848354433937,-0.0037659523695055762,-0.04669945448251016,0.0031139451892487954,-0.04482429413544684,0.018540550812563648,0.04218017304385945,-0.15823604434235655,0.02173721648371893,-0.06954126233496204,-0.039393739116477505,-0.0175033876613449,-0.017376803946629656,0.013944036279161633,-0.038154994356092126,-0.004216694686111694,-0.013733585599421623,-0.0014494441279746717,-0.03299612142549147,0.003695006826451907,0.013106158726775716,0.020230439259474774,-0.02740064537914468,-0.019086414964089395,-0.005012897292804338,-0.023113327676108707,-0.01554770982079378,-0.005947959315720737,0.005761270132254261,-0.018515462208539724,-0.014045352794202146,-0.03529299982723842,-0.008148547820599738,-0.08212575396383691,-0.018213131330794486,-0.15544227547635853,-0.07917559220166638,0.02344042432862876,-0.13505680967944553,-0.04007960184232383,-0.018020166709567034,-0.02910357030255192,-0.021319535070331592,-0.03124586737014246,0.046829183137304387,-0.00860652026643462,0.02046524792672608,-0.10673276644442488,-0.010751629157557773,0.038315888843436605,-0.02852335070343151,-0.04928457537426516,-0.07395161310834444,-0.004398468995268275,-0.029719112578464754,-0.002402812517039695,-0.0008934530787071807,0.026304658634132644,-0.014015881595810275,0.030833262507452063,0.00520748697629259,0.01427211238540991,-0.023429813895987354,-0.0002466142287729053,-0.009596174242076138,0.020225809287177952,0.001303790182846554,-0.028972820473866456,-0.027292561661195112,-0.009802094562058526,-0.056351190379110634,-0.0650460753815895,-0.04470935538502429,-0.03450254506615674,-0.02657476019965259,-0.036544861734228745,-0.04601563275448484,-0.017470228320777683,-0.02968851947324129,-0.027496695648251263,-0.056286575398453255,-0.025243904723496788,-0.021788259467453754,-0.058659438551991114,-0.09431209307281338
experience,0.45501104511968893,0.6234408701756643,-0.1314235084370974,1.0,0.09745503861168742,0.12865404641326963,0.13188820493610962,0.1008804704919779,0.14727218549973176,0.03528471745425785,0.04114259124725227,-0.06006350454352218,0.015156503833585489,-0.04571084786362994,-0.05136953786777641,-0.09996696309065145,-0.023961501363112783,-0.12711228485359952,-0.06371485168934521,0.0494207873448735,0.07063474037041503,-0.053261518772239246,0.1596239633902208,0.011859136909435944,0.1085978531935067,-0.03343279567815202,0.03960078741499538,-0.13393561171497545,0.18095178816660776,0.08922186270260055,0.19489932008718067,-0.007242455891306331,0.13520629648945046,0.005990902339769766,-0.05415053306491026,0.11501224775351249,0.167770766282767,0.009254063523715656,0.08105783197053025,0.0003081206476837279,0.17799837402548518,0.14992070805416277,0.04247191175764922,0.017355803572602375,0.02380669031061992,-0.06622603404393453,0.17766336829733317,0.14980227006023764,0.11763540540386602,0.12266328177260481,0.04615885332621387,0.08966759766909282,0.10559321122971017,-0.015396058927681127,0.21623269012836308,0.038904511288842925,-0.027559339600375713,0.13266497386206344,0.09802754890727272,0.04532854118140187,0.029791889156701404,0.024004862349123773,-0.006433515314339852,0.1585399789078694,-0.024358916878266995,0.29098771228372144,0.06947926240220012,-0.0407872323535104,0.047591706296240426,0.2241192560045207,0.12405104697830277,0.15881675523330857,0.14404031360817499,0.06381183082931127,0.08745089524157344,-0.030017013912046066,0.10865900110854682,-0.09982368539585305,0.009085442533482072,0.1051016570719453,0.06256377674753795,-0.02992066632726327,0.025025702584728672,0.03559087826430055,-0.027530435856488584,0.09645846190196239,0.09677699649353778,0.11485018936666205,0.1252815199609715,0.13500251481530867,0.1547356921188379,0.19855526127864837,0.047981213074419764,0.15960156967548975,0.1385914977909319,0.12045600337397668,0.0919232377985667,0.11792970090799842,0.10195619316292301,0.051893337630820456,0.08075534212694031,0.29895808702243865,0.2832790442763724
born_state,0.12885893236276053,0.06572847247438035,-0.03562698700201479,0.09745503861168742,1.0,0.6197262125045856,0.029285345931733108,0.004966593888737378,0.061162209394622274,0.030928696377783928,0.014551295576109482,-0.005174026627213482,-0.01920897162283349,-0.0050132379953056186,-0.007631686979072133,0.01352778691796535,0.003442001465795945,-0.003218942806919979,-0.00461342007801151,0.017801186600218736,0.0493148065506702,-0.007310632302063674,2.47676755432608e-05,0.010820102904496011,-0.015383066693139543,-0.009593675255436812,-0.06881774589170826,-0.0014318283548747709,-0.009242600714614753,-0.02768480198140676,0.02220574204228501,-0.04223418120147504,0.06048723688420939,-0.03392154379132232,0.00683118361159481,0.051973449859955105,-0.006401869236627476,-0.010337292015144783,0.03949444193412913,0.025936677621339777,0.0454127293486341,0.038317490950928804,0.01597898803304853,-0.03892842757354513,-0.015401312482360683,-0.03746306249598997,0.04754505408239505,0.049296310615071996,0.05733238459140821,0.031136697604973094,0.018335410817327515,0.017748786107271698,0.027352711389009826,-0.0011496829233429724,0.0063497853844048276,-0.017258974705475497,-0.0033532768421650665,-0.01679727650959016,-1.4251566756880466e-05,-0.04349759733811422,-0.00180320082760379,-0.014530228796188396,-0.02165142321160152,-0.021881859340621305,-0.019544387132320446,0.018797997370518276,-0.034652497747636575,-0.04995129643024316,-0.03333951519250673,0.012359450258437966,0.025958951223422698,0.03369787053075134,0.04415311325404293,0.00692607233220131,0.04089664215670881,-0.021343497233613368,0.031437070895406344,-0.053319012617982324,-0.0020028507652165117,0.02524055718921572,0.015431436994922162,-0.023184809568802475,-0.0015554263996336672,0.016230290414260294,-0.040122966099265564,0.06521746663066295,0.09010266332887716,0.02356424447913956,0.0329380395833906,0.02271288091338961,0.06252638275448907,0.09073016589361428,0.06904851928443333,0.07710890855018206,0.04293161505958641,0.05183527952751239,0.05886197107276333,0.08939879211074749,0.0348150816873561,0.009204902519879495,0.008386251254577646,0.1242156381819816,0.10219660172582071
work_state,0.26060427400036534,0.12597383775518453,-0.06856482712750786,0.12865404641326963,0.6197262125045856,1.0,0.06032054778525816,-0.0038146946817474606,0.15317048377909556,0.08940406819827494,0.03430232289477793,-0.011659676577837683,-0.03278849302168702,-0.00893752532246784,-0.013818706278164537,0.0036984784036109084,-0.01706118010289495,-0.015936129680850925,-0.04589929110092365,0.027282574778902877,0.07343240468786677,-0.012015019029719073,-0.02981170789845486,0.011267174021232902,-0.005466553308979365,-0.01394704510636381,-0.09670095534771103,-0.016943988271366575,0.009189295011351887,-0.06803740061025061,0.029972189204603043,-0.06039690382466258,0.10345339911155135,-0.08919082216246595,0.024729726282458262,0.08953544523798497,-0.037498325220107695,0.016433275097218605,0.11161345659450228,0.09318826243146922,0.06505546451598425,0.06066573194337802,0.010083006398110422,-0.02948865262236191,0.0029722844045077684,-0.10747228797493003,0.10682561054910432,0.11418407620916331,0.133022997459879,0.1044165953207535,0.012605507333827391,0.02414594041702429,0.04214698135744387,-0.004930724976843674,-0.02134583674217536,0.021480848069135517,0.02450503214337805,-0.030562782889687775,-0.03888268503622175,-0.10433906421123786,-0.025840038193058065,0.00450801152256508,-0.03455154545413669,-0.03075314399348221,-0.03216904789015098,0.023256927163331678,-0.044589524690077126,-0.06272380543073294,-0.07650647249922783,0.00768618207257311,0.006929797692654416,0.05668278529491114,0.10094335345902049,0.0022323112045758535,0.050575169265615824,-0.018280273942135432,0.035920649697178494,-0.1334234953118324,0.043941268541465024,0.08720905551252679,0.03468378869278389,-0.07202967334716091,0.0071191432711689845,0.017987004396347258,-0.07242006413590711,0.14403219390671548,0.11484151979422466,0.017939665452640467,0.04676361344113881,0.06104720438115705,0.0993589492418579,0.19882755139841132,0.12156404744635856,0.1231897538234944,0.10711328980248878,0.0709898645327213,0.07491404644837774,0.1786406736765948,0.08145276544435458,0.021415003352020838,-0.0003227944136702442,0.25548150953228776,0.21841824207208638
co_workers_scaled,0.11255255060360418,0.1314518974453511,-0.05533132864557069,0.13188820493610962,0.029285345931733108,0.06032054778525816,1.0,0.038763507399817404,0.09126908926525099,0.0049352928092405565,0.0134884458961382,-0.015494688908368578,-0.01327312974878549,0.0057425954734983,0.008324760891323,-0.013030756601348252,0.025845087444844612,-0.0070436350336930366,-0.015721966489807126,-0.0022709441053538697,0.042096421401821994,0.008955832142175841,0.04055480737080145,-0.020011309212204523,-0.014034690863702758,0.0011141875408706172,-0.06593205433072423,-0.011239976268451572,0.02969501046204993,0.02431271212227093,0.020796064324011786,-0.0004769612780158057,-0.017775610700921672,0.01425672984944761,-0.041486221744062746,0.024227023472756792,0.04756001063930894,-0.029998778077334518,0.00023887294721323206,-0.03434523297008998,0.06864229699353086,0.06032795746600313,0.00026410483373534246,-0.004842995318136794,-0.009226333761514358,-0.0017563783853419446,0.022365121588925573,0.020787177276134182,0.0268737490275139,0.047274649917690405,0.01654297574990117,0.05189941676567502,0.032157985570979576,-0.0069388376027071244,0.04596230886715883,-0.004332833849447971,0.0004752500989779975,0.021852926226046485,-0.013623138370274391,-0.0013074305198374628,0.0011913803237076253,0.010164963848588537,-0.022148482215178022,-0.014574441100533016,-0.033458200262498704,-0.03366339913563146,0.01110958064119348,-0.042781039307339154,0.024949774641216834,0.06782723973219677,0.10723912046453375,0.15719404908750642,-0.02376447860686923,-0.007030815191314938,0.008770979655811816,-0.0854690661803497,0.06840859882338084,-0.0667135850630737,-0.015834789321049637,-0.029289287425754356,-0.00879873098444237,0.030437208303635572,-0.012739887954500664,-0.011174999133574755,-0.0419707707404533,0.018192790775237253,0.04457220767876617,0.051836184638835464,0.17723208076621233,0.14441483793994048,0.180801594110824,0.08611208656786051,0.04374020724899726,0.18193807726318903,0.1461759058496734,0.15351665841313683,0.13526331904890423,0.056761218482731496,0.10385802043385987,0.07342328726993294,0.07763721848279909,0.13658833757614328,0.199370139628909
hourly_paid,0.05970058728075477,0.07340541489677313,-0.0033675148666332173,0.1008804704919779,0.004966593888737378,-0.0038146946817474606,0.038763507399817404,1.0,0.047841568289545035,0.015620516277026906,0.11098753053862925,-0.010643607958824153,-0.00472528126039843,-0.008142829264250978,-0.009379693081646304,-0.005979064664840625,0.006529347644158475,-0.012687573102666652,-0.012825858945449742,0.00023572368154144095,0.011504744196981479,-0.00878915767840833,0.02086762818060921,-0.0013262889509319314,-0.03423042441192506,-0.04318520543317697,-0.012281222424012672,-0.0071700021943095155,0.011515753697833206,0.018502650392015815,-0.012319368334107676,-0.003014400170518411,-0.005496615663149933,0.010886863776096586,0.00034589330098590737,0.01716236148747215,0.03900370482386031,-0.026130640535172195,-0.05987185873271673,-0.07229050011365713,0.018685678567674568,0.010446144969526427,0.022561114135636075,-0.012174023004790308,-0.005992918645225226,0.03553210239215285,-0.0016467383854851096,0.007386724324413187,0.015973881694671992,0.0006980112571226509,0.012087701261605405,0.023485206768057987,0.010988700811603466,-0.006650656053780117,0.0035195705708685964,-0.025946095867069335,0.0006975855268058418,0.013042229082171087,0.0035391532859059232,-0.013645290192693792,-0.012271324610582189,0.009414607464276305,-0.027678511222532284,-0.00548581744769709,-0.011988037354913222,0.05531955447276371,0.012010540089838156,-0.014011414400334798,0.004226524230307104,0.033720397254465136,-0.02398208649883928,0.016621282379898437,-0.07161739596059973,-0.027076626093264458,-0.016639573076294427,-0.020033794082283667,0.02708803974686212,0.00606712109660309,-0.012129305915604615,-0.05088846057503347,-0.011265876797346265,0.00408083009426539,0.011090375795550632,-0.016199171565164337,-0.03172272732497658,0.0058945535848357435,0.020135733718623056,0.01381741893562768,0.02815102441082606,0.03515482670231703,0.03214966606540652,-0.025940021863774743,0.0013324473018736286,0.012042405951567832,0.027531321199604462,0.04433017497473584,0.007044845809532614,0.01656771041887361,0.04642451160257567,0.01345760608886643,0.020174811276351182,0.023716940128862603,0.09176789520760226
presence_at_work,0.23292143486033212,0.19547089938279513,-0.04523364252061969,0.14727218549973176,0.061162209394622274,0.15317048377909556,0.09126908926525099,0.047841568289545035,1.0,0.13215708790338504,-0.06997647246642161,0.0007513533282979649,-0.04856094313429578,-0.003783680677953166,-0.010458082148754565,-0.0826050896680222,-0.011836317762882137,-0.08444541812222173,-0.05759063458478937,0.01990140440055354,-0.01534807608364995,-0.005235122912795005,-0.0010293101976322386,-0.011675803228130915,0.014745976854338668,-0.032330632870647,-0.07834852083701557,-0.08940188968916134,0.01390121254658492,-0.0014940714791960472,-0.00560388278721086,-0.052184776828662474,0.006907002848988565,-0.026015771018151453,-0.031923359980993674,0.04402291189728756,-0.00913319554699977,-0.0454626313063448,0.06707796883707251,0.0240262616091518,0.07831668688539055,0.08690654027116398,-0.007430080374772122,-0.022845005199401282,-0.028439210598152645,-0.08759864101490385,0.08498591197220565,0.0445555982517431,0.06030883431343764,0.02992186418954451,-0.021179972288057822,-0.012859822162611317,-0.03255074433664254,-0.07257820717645869,-0.008330091913139997,-0.0016504652988377463,-0.03407043377416467,-0.020252742984150255,-0.06048857361913892,-0.059491275778649856,-0.02897521867566494,0.018219665706037006,0.01176118100032979,-0.018340906320905744,-0.07615177764176854,-0.009140348228482639,-0.02393524229929518,-0.05467600168412803,-0.053812861474577235,0.002655406140832297,0.08589738708969569,0.08904987042546296,0.13794492782818343,0.015344710825382434,0.03913000528619411,-0.09523181900235789,0.06094156468060779,-0.23772671189356137,0.027431510117070915,0.031314646631401766,0.031284993053478226,-0.06283414511990806,-0.02331776908088975,0.00042719690519492923,-0.09122020696733964,0.061672659074038225,0.06161434642013997,0.0022471638057895657,0.0644439341828855,0.09674583246500891,0.1060054045254177,0.20117115918065634,0.043627414046256474,0.08637730300176241,0.06895412296924962,0.046928661993355096,0.030596871161653705,0.10420458725238019,0.017445448383677765,-0.01275193154544551,-0.0019513400769839279,0.26666743200935156,0.18183289230964841
primary_job,0.09688813649305358,-0.01196109157568531,0.01930813670196877,0.03528471745425785,0.030928696377783928,0.08940406819827494,0.0049352928092405565,0.015620516277026906,0.13215708790338504,1.0,0.13678478220268164,0.1752029118972473,0.06685930648428233,0.06641164955800337,0.0629329962664027,-0.03159030738116071,0.049606706683526985,-0.046958167224254714,0.002047784352003904,0.028188643416616962,0.03247152219457347,0.06263900892327985,0.02734313441140867,0.04793277773386648,0.12190686188483699,-0.07808986899870184,0.01579916369439452,-0.041553873034686606,0.10455401076279634,-0.02307383308961744,0.08261899386694506,0.03932018044664864,0.11615804340946888,-0.1115067251760123,0.0438431759190371,0.06624632130571269,-0.055845224688496176,0.048058866854219215,0.2046087678394938,0.16146355978664315,0.0641151128918546,0.05850770066520846,0.013471023086234515,0.02746741050253432,-0.02068423932892082,-0.21074274700055495,0.20401986429163238,0.08872734353216885,0.10144107985126212,0.0630038884674334,0.0031658619433298407,-0.005473571099738831,0.020974830930128436,-0.01665843695754603,0.000782078586981995,0.14903497319749137,-0.02042446567168583,0.03132838398567118,-0.019426129443994886,0.0008166526035378103,-0.04515190581119205,0.012476458617857768,0.04656441261692748,0.11005877386490663,0.024355329715744237,-3.923408122791327e-05,-0.08838526846050118,0.04881194473358314,-0.05660282196058719,0.04630889587917974,-0.06067910384899597,-0.02097082105051181,0.15733484965073607,-2.6240270878208125e-05,-0.004785920707220978,0.04365448176630817,0.023009999606624792,-0.10401206118828261,0.15585385391465761,0.07124093770960974,0.029264597422610217,-0.1054872831264991,0.02357664811712583,-0.0016305333989096464,-0.028517953944959505,0.06327653614088968,0.03964915433800353,-0.0071992056470237655,-0.00484865932651326,0.02064103054782462,0.022371711586827398,0.10110856460404534,0.06260705347700062,0.04114370860221235,0.018341760449363306,0.024240549665774744,0.019384306519955444,0.08410864273341406,0.021495513165385872,0.013824343693896922,-0.010575484832612168,0.10062040872532964,0.047559950905697895
satisfaction,0.0759032592215238,-0.0476613341244469,0.013625397202759388,0.04114259124725227,0.014551295576109482,0.03430232289477793,0.0134884458961382,0.11098753053862925,-0.06997647246642161,0.13678478220268164,1.0,0.06789138455355559,0.04373151156173596,0.044897778659326044,0.036686816953018814,-0.012605806116495382,-0.0021655057887493387,-0.03399893753831175,-0.013483087469886357,0.05860600475622292,0.0339784285242628,0.03669502649578537,-0.00888363285849241,0.05079548243462628,0.0628152238605338,-0.028321943095258106,0.035652842823298475,-0.030581705735857202,0.04654154967788578,-0.03093412599394828,0.018171327213412265,0.02420035614784547,0.08636787996055108,-0.07878999169948003,0.039990365440222664,0.0738041460677438,-0.04186094702200281,0.06698291222962759,0.10283190817183396,0.10159803736567834,0.012802246453447696,-0.0007506989415164761,0.0017214696258078014,-0.014141774764719678,-0.0011149801177308613,-0.09501767481875778,0.0995421359129057,0.08220077799085071,0.06879533160425817,0.0679535925736009,0.011218178844280809,0.016815349601384828,0.042111962871775176,0.021165618161779316,0.020482252032467927,0.07127688968658508,-0.018856280814063715,0.019760505773174227,0.013492519647215807,-0.0021279299220784277,-0.026187114019804034,-0.014267050014232388,0.03496607438404075,0.06098898936449529,0.03012737765778185,0.07996811505145673,-0.06691422393055545,0.07597311439361243,-0.012854056543180812,0.023384671992624024,-0.07407092350043855,-0.04227630502828653,0.06455771642305055,-0.0247045826493404,0.001091790812657914,0.10443376573481589,0.06730186131941947,0.014996552939689028,0.07100962071913304,0.06531168762416112,0.009132857020957095,-0.038120720828002816,0.043744891479055775,0.017702699109903346,-0.017208849958889466,0.06487491749155906,0.01949717732972557,-0.004191067136414507,0.003328390700804827,0.03923993151826142,0.04021098035195455,0.034327863616035736,0.08053398906197708,0.03935236051933942,0.09213781458068321,0.08529219155246426,0.0752365668365331,0.08692771635421492,0.054689675167376016,0.036478253164262404,0.024310030708813983,0.024458552288914703,0.0323219894889407
project_language_yes,-0.015913164304768246,-0.0638846253234961,-0.002251315978605935,-0.06006350454352218,-0.005174026627213482,-0.011659676577837683,-0.015494688908368578,-0.010643607958824153,0.0007513533282979649,0.1752029118972473,0.06789138455355559,1.0,0.4110984468600913,0.13499401180894371,0.1297552590911119,0.15300386855665418,0.3393139505240337,0.14641121318818898,0.0938063769655316,0.04079571196224625,0.06765802107523529,0.1282427240388669,0.11295591240195228,0.04471203696270764,0.17878605844040305,0.037560959257217745,0.13366092203743027,0.14092197668126702,0.14682718507081435,0.033212161518951254,0.1481867179420451,0.11379597353306478,0.11088381364524452,-0.06273831803607732,0.09533447811607981,0.0033157980455998538,-0.07523635548189175,0.07015182472343487,0.25225524514467723,0.2052763292406041,0.04861234993569156,0.046053107191062294,0.013955441455429691,0.010797715735212413,0.009654524790245986,-0.22328734617998086,0.19178964970162116,0.05421064176001223,0.07044751324178031,0.07323965258564734,0.022276319023750518,0.007705921528911797,-0.009759350826724446,0.04134224364985655,0.01441807976631189,0.15805451352363897,0.030197371700512288,0.04250327571990585,-0.01405176696290194,0.07465152292098763,-0.016402737939158245,0.01639334944163769,0.052543158680541074,0.1258670922965041,0.03154206588686133,-0.03572475020042294,-0.1479284298639983,0.1097203133006027,-0.03682154589058194,-0.06585358411515876,-0.04295983794411031,-0.07248397486752939,0.08351272201193596,-0.03854543619872833,-0.010262459247205783,0.04103567072137599,0.005136539171656069,0.011920054671471114,0.25956890778926156,0.01998737595756329,0.032712208195133,-0.04779217969246201,-0.0006008443430839021,-0.018060355979674866,-0.03276676728600148,0.026134869381862245,0.02096992098403719,-0.0136147047965436,-0.036971901844951575,0.0049130120326253265,-0.02246253623923232,-0.0038182948182531504,0.037521680966024554,-0.012504639037203938,-0.033829458746387306,-0.02994361861338778,-0.007180060370608309,0.006074823143902563,-0.009252174336038518,-0.004492035934031571,-0.04354478754236369,-0.026870410156626213,-0.02961053123334493
project_language_web,-0.00013893394394749625,-0.031025677893353625,-0.0145183458244335,0.015156503833585489,-0.01920897162283349,-0.03278849302168702,-0.01327312974878549,-0.00472528126039843,-0.04856094313429578,0.06685930648428233,0.04373151156173596,0.4110984468600913,1.0,-0.14571368785385966,-0.12284556345996736,0.3237083360884478,0.04880736607408058,0.3157742452959096,0.009229559779645739,-0.07421630964355304,0.09049913334745657,-0.12324535457288081,0.04285695464314768,-0.10855878957875023,0.43489840403420615,0.014696878895167685,0.3251311773574387,0.34279374626098397,0.3571582091644272,0.0223291726879216,0.2884645252151211,-0.008305621108428321,0.16769629530999752,-0.06499882820946268,0.15329170143772194,-0.029570424363260024,-0.03385472825492962,0.1566700843100677,0.15455138264538162,0.1332878737462164,0.04656045309085245,0.015104814142756683,0.002042148787118332,-0.004591296156637867,-0.011002675657661942,-0.13603458339033594,0.09411472957616927,0.0891462453213192,-0.0012927994122420405,0.03380186835097365,0.04660258021678589,0.058258818512741575,0.04834208479307412,0.057127756461036856,0.0743703250876808,0.21394685379240846,0.06388277552760672,0.1019973657342142,0.04239289411676708,0.05563967718685034,0.03418976304314897,-0.03908357677941099,0.18682949761915105,0.24576593503145183,-0.014288074491902794,0.0389492368739053,-0.012922151519151078,-0.11011216138348609,0.030854028021743442,0.046787998029041884,-0.03546635229519837,-0.01398220430156295,0.020627812784837482,-0.0005827223779101911,0.02083358641837555,0.05360168748981834,0.029147063363114185,0.014771833652452741,0.14798659289794683,0.0561091052378718,0.023762392600436253,0.006535724176859966,0.043552819659719334,0.03082520030059657,0.023999195253578368,0.003997476595207035,0.0019881315276032464,-0.0033569353173484675,0.0073104528102762665,-0.010177322207436232,-0.03935350414435726,-0.021650699860853807,0.006901139298943284,-0.01764956069113509,-0.009080811443134015,-0.0003911209228730349,0.0010607569113283413,-0.02862326616134608,-0.009820479176511236,-0.023622813771004898,0.0020721127559340455,-0.03723794813668493,-0.050085530909921815
project_language_smart_phones,-0.03352143151352093,-0.05860700131667596,9.855097528163737e-05,-0.04571084786362994,-0.0050132379953056186,-0.00893752532246784,0.0057425954734983,-0.008142829264250978,-0.003783680677953166,0.06641164955800337,0.044897778659326044,0.13499401180894371,-0.14571368785385966,1.0,0.9611927029380387,-0.043596535015925544,0.3510264984725746,-0.031061620916500665,0.04666247518123857,0.3022038638275276,-0.011470622239108752,0.9499882425921475,-0.02945605700492023,0.33121496549033824,-0.10318729711421368,0.052663515344087135,-0.05392447185275746,-0.04840343911576346,0.03174607783700993,-0.009632244656300009,-0.04976984063683695,0.3017043220159377,-0.008313226814920138,-0.0007834797784172414,0.005830940399358518,0.12245463254701483,-0.08381340007932424,0.009230374830498312,0.12438965541463856,0.14215072150466024,-0.07643015927843021,0.10513374246370445,0.0024438697178845448,0.031176791817098093,-0.0012187827330557561,-0.12050173490479457,0.10598368073141602,0.0017125758993283041,0.13382181041944838,0.03782259849592223,-0.0010883514207434494,0.04057954594080055,-0.010949625980077163,0.054484056915805934,-0.025688030658211635,-0.017117000656968275,0.009611679920707697,-0.023177107931094336,-0.0290223939514338,0.0292931722834209,0.01688542634703791,-0.019494304510109743,-0.08912195313082866,-0.08313288721861593,0.09786722079545042,0.005412940569386286,-0.08814836219440983,0.5576297491490114,-0.045380993462309886,-0.09031118237928047,-0.021849856705982856,-0.052701564836586515,0.09633681733837954,-0.008836873610810488,-0.048855608547318276,0.04408126938447593,-0.02341229339415813,0.008110357032134384,0.1277796061682167,0.01549273915151525,0.018860442425135796,-0.0567628311469906,0.019956831900407042,-0.016806673147880022,0.020834515005039224,0.013810993952482222,0.04812484163769645,-0.032966602329087026,-0.01114885740573457,0.023268225761025975,0.027917803702988603,0.005201005942184836,0.01831561011386737,0.02039541961410987,-0.014692949868203931,-0.0070460966233065496,0.023609365382570635,0.016804594490817,0.009581466967474498,0.058211553456603705,-0.007828083145722545,-0.02452257042221629,0.002254741690331292
project_language_android_phones,-0.03711601025734086,-0.05928954168997911,0.0026843769893658232,-0.05136953786777641,-0.007631686979072133,-0.013818706278164537,0.008324760891323,-0.009379693081646304,-0.010458082148754565,0.0629329962664027,0.036686816953018814,0.1297552590911119,-0.12284556345996736,0.9611927029380387,1.0,-0.03461251381532882,0.37675822941236625,-0.019527804231651458,0.04489160570410885,0.13441285891471463,-0.008336688959211984,0.9883431695729489,-0.03172125870838703,0.3445874739559355,-0.09605934077099892,0.058485812715481346,-0.0517522604939792,-0.038377937322843426,0.0422389774839033,-0.011313375481887194,-0.042362096471098246,0.29724453607097295,-0.006660566658324825,0.02298573044886022,0.02513348512670845,0.051732977468274786,-0.08275818546870428,0.012838358757258864,0.11536875480819422,0.1294570200658047,-0.07631425104059575,0.11377288455172015,0.0052958576497737185,0.03376697687914919,0.0007161513238146971,-0.1134378997300993,0.09336660802636272,0.0018699481542058193,0.13984099104817194,0.03188351923996585,0.0033376603103825106,0.04492115908244123,-0.024878576047188183,0.053854977144704816,-0.026496232281646635,-0.004453281445281351,0.008862968438314722,-0.022919159551201093,-0.029950839380737015,0.03157727790391442,0.023189839252323027,-0.014577534915956987,-0.08470808813698591,-0.07188625913589884,0.10193150305898883,-0.0012867954433198275,-0.08666086168100923,0.5201111268744051,-0.03973102752263094,-0.08814267140186362,-0.016759183558968622,-0.04615747522595789,0.08588560236528305,-0.008260684681538148,-0.050733433380772616,0.0360231062687747,-0.021116033384022834,0.0046345103089355825,0.12155340982678683,0.008045991575294235,0.017332816282767147,-0.05546557048935397,0.01765915109511717,-0.018971753868473815,0.02489182857878869,-0.0035283509754502986,0.044241511889089306,-0.03547090007640851,-0.005382523197861498,0.016426443963968106,0.02287440230973816,0.0013549830013774662,0.017186632091442323,0.023664040514838516,-0.01988549799630572,-0.011445768300073184,0.01560488653760928,0.00976540232891663,-0.0018263451046905226,0.0598558303753903,-0.00925990449468207,-0.03245323415387808,0.004978961820270942
project_language_scripting,-0.044782946848674725,-0.1411199180948826,-0.0717520668389949,-0.09996696309065145,0.01352778691796535,0.0036984784036109084,-0.013030756601348252,-0.005979064664840625,-0.0826050896680222,-0.03159030738116071,-0.012605806116495382,0.15300386855665418,0.3237083360884478,-0.043596535015925544,-0.03461251381532882,1.0,0.37640626589763687,0.8903557502831367,0.2186093239839616,-0.020966060200320318,0.44219810723403397,-0.037417402507529236,-0.1625549119532137,-0.04281621413267317,-0.11152255942839921,0.10919591502272182,-0.03790592108843048,0.9210353830306971,-0.026805139959601917,-0.03061606297201372,0.03381089864268346,0.10153453592791414,0.17627088843938532,-0.25080859952132495,0.3682668426631701,-0.0005435014559407483,-0.19704401724960585,0.27451521376473564,0.06873358023154884,0.13588113427115592,-0.1654760590098248,-0.04296308554964377,0.03620534709614004,0.015403185289680174,0.019057484327036908,-0.057096979774282984,-0.007902475869598793,0.17749315937504806,0.0632513154371229,0.10343350576481038,0.12408326079025235,0.16625630601859986,0.13615884302783293,0.2408373010965954,0.010270137092274364,0.07169972767855834,0.21187704177944203,0.04915725902822976,-0.04572332901916916,0.009287309225018846,0.050143772155765605,0.06937443981798624,-0.12367988210173317,-0.04944853656442464,-0.0017267712993571964,0.020072093684360744,0.16904462756430383,-0.11985730080790065,0.19634734578827126,0.17228500044839296,0.00502252821203526,-0.009147966075221241,-0.06971619784962003,-0.048015167999515995,0.0485719937063691,0.03526418736574197,0.03136593172605863,0.020897973017903644,0.01596477786038424,0.0072829105219754725,0.048090163471064984,0.016260280511996513,0.05387506687465033,0.0030717633805219255,0.04620193466818534,0.033354633029734786,0.03561222769291545,-0.057024890091131625,0.020101715774742537,-0.0020197650253120274,0.017785014036960593,-0.019006146505455186,0.07885590925180065,-0.006316902229313459,0.010956414799123305,0.008742083174668583,0.027545578235080154,-0.0014689358422790367,0.07069987597001763,0.008652463337616248,0.030090347981635696,-0.03568398895914437,-0.0010411545152114712
project_language_system,-0.026614952969415396,-0.05918152558884016,-0.047960273308065994,-0.023961501363112783,0.003442001465795945,-0.01706118010289495,0.025845087444844612,0.006529347644158475,-0.011836317762882137,0.049606706683526985,-0.0021655057887493387,0.3393139505240337,0.04880736607408058,0.3510264984725746,0.37675822941236625,0.37640626589763687,1.0,0.4194996581923786,0.27645894553010103,0.023941833613784463,0.08552201978902621,0.37794710132257603,0.3328949847994683,0.12010557669090641,-0.16865459144366116,0.09156631885941645,-0.24793000464038303,0.41531442035796584,0.12439599754957197,0.039656568228823894,0.04436611544891019,0.24884449812483847,0.02539077504475748,0.03386023466680177,0.0909375361833423,-0.04920664924412945,0.10024189045986273,-0.0638294374006635,0.11731918809573363,0.0504904147187363,0.14276636893144792,0.10163165903427226,0.034020654088754286,0.013490646123762934,0.018208868496686677,-0.11271547112652257,0.10444506655119072,0.047745523987351934,0.08837244323358835,0.0737917290658994,0.03566305520916298,0.0861447718404382,0.008703079374423568,0.14766744033832,0.0653801596738745,0.09691271667798745,0.09289755731703309,0.0388342332380051,-0.029355833290372328,0.18161890780216733,0.048934763437553146,0.06757950053566966,-0.1793410213454132,-0.014085727434878471,0.08457313207412756,0.004766947253417334,0.023945511044422642,0.18110275912981086,0.07601931448055912,0.015614135522846047,0.04295580086273304,0.00342931979320668,0.08184154311052914,-0.056080285798800526,-0.04458772837636715,-0.02980622601229538,-0.03560903216751692,-0.0028957098633037148,0.12373768842306951,-0.04936032494815574,0.03423936857101191,0.019919041777824862,-0.0008977307093486609,-0.04612143982946496,-0.02795128963139071,-0.05258702593591531,-0.015017921925176045,0.080539837327602,0.027966898651916455,0.04669274534347292,0.035978129299812894,0.008157394499223222,0.009062321606917854,0.039683512683219443,-0.0017935883567702406,0.012340834084178154,0.009701050127027093,-0.022613594566340177,-0.010535855979319745,0.03557774424539705,0.003988202964207407,-0.011070714522636915,0.04158579877533553
